data.el.0.root 0.00531987 0.962008 0.345589 0.114876 0.0319548 0.0019347 0.0083563  
data.el.1.root 0.00529988 0.96217 0.346274 0.115913 0.0322813 0.00205909 0.00848736  
data.el.2.root 0.00512884 0.961988 0.34746 0.11508 0.0322946 0.00201689 0.00839629  
data.el.3.root 0.00531321 0.961966 0.346369 0.115389 0.0319747 0.00206797 0.00847847  
data.el.4.root 0.00510885 0.961597 0.347153 0.114689 0.0319148 0.00205465 0.00813862  
data.el.5.root 0.00526656 0.961781 0.345529 0.115436 0.0320303 0.0020702 0.00832743  
data.el.6.root 0.00499113 0.961739 0.346411 0.115556 0.0319525 0.00179698 0.00806754  
data.el.7.root 0.00509997 0.962568 0.346738 0.115129 0.032299 0.00211684 0.00838518  
data.el.8.root 0.00519549 0.962139 0.347063 0.11471 0.0317905 0.00206798 0.00824304  
data.el.9.root 0.00529545 0.962161 0.346592 0.114432 0.0320726 0.00206576 0.00838298  
data.el.root 0.00520192 0.962012 0.346518 0.115121 0.0320565 0.00202511 0.00832632  
data.mu.0.root 0.00456057 0.930723 0.421829 0.109137 0.0285692 0.00188248 0.00813727  
data.mu.1.root 0.00438298 0.931059 0.421265 0.109924 0.0285196 0.00173153 0.00805204  
data.mu.2.root 0.00458544 0.930695 0.420695 0.109383 0.0287007 0.00194819 0.00848182  
data.mu.3.root 0.00442738 0.930252 0.4221 0.109074 0.0282603 0.00185407 0.00827758  
data.mu.4.root 0.00448243 0.930302 0.419342 0.1098 0.0286989 0.00179013 0.00835572  
data.mu.5.root 0.00454104 0.930661 0.42159 0.109333 0.0285249 0.00188958 0.00834862  
data.mu.6.root 0.00447355 0.931533 0.421615 0.109427 0.0285728 0.00188603 0.00841788  
data.mu.7.root 0.00431194 0.930599 0.421319 0.109818 0.0284769 0.00185939 0.00813906  
data.mu.8.root 0.00454814 0.930526 0.420892 0.10996 0.0290417 0.00200502 0.00835928  
data.mu.9.root 0.00439896 0.931117 0.420539 0.109681 0.0287842 0.00188426 0.0083504  
data.mu.root 0.00447124 0.930747 0.421119 0.109554 0.0286149 0.00187307 0.00829197  
diboson.el.root 0.0202309 0.90444 0.538132 0.447311 0.15773 0.00458489 0.0319561  
diboson.mu.root 0.016195 0.873096 0.562105 0.439021 0.145303 0.00473332 0.0308818  
singletop.el.root 0.0906053 0.980647 0.642119 0.447838 0.361111 0.112618 0.43978  
singletop.mu.root 0.0890013 0.978754 0.657748 0.42671 0.355983 0.111103 0.434325  
ttbar.el.root 0.436571 0.931562 0.730775 0.559994 0.628057 0.320864 0.629536  
ttbar.mu.root 0.434872 0.92004 0.735454 0.542928 0.625919 0.320096 0.630451  
wjets.el.root 0.00489397 0.999992 0.464057 0.170926 0.0521672 0.000225222 0.00443889  
wjets.mu.root 0.00482915 0.999995 0.508766 0.158871 0.0481682 0.000230063 0.00406733  
zjets.el.root 0.0118665 0.716686 0.17578 0.294029 0.0688467 0.00121684 0.0140795  
zjets.mu.root 0.00627221 0.501521 0.234238 0.323116 0.0557154 0.0011521 0.0128361  
zprime1000.el.root 0.594403 0.933907 0.865877 0.796663 0.942842 0.398493 0.773843  
zprime1000.mu.root 0.609297 0.918215 0.860023 0.782111 0.942072 0.394313 0.782375  
zprime1250.el.root 0.614838 0.935476 0.888074 0.809224 0.958304 0.394596 0.783834  
zprime1250.mu.root 0.630988 0.924588 0.884543 0.803705 0.960049 0.405127 0.791542  
zprime1500.el.root 0.630429 0.940084 0.906332 0.828493 0.966117 0.380037 0.778257  
zprime1500.mu.root 0.639837 0.928664 0.905582 0.816934 0.969157 0.378967 0.781713  
zprime1750.el.root 0.637424 0.947275 0.915079 0.825727 0.97061 0.36228 0.774922  
zprime1750.mu.root 0.642951 0.938331 0.917956 0.816627 0.971889 0.363696 0.774679  
zprime2000.el.root 0.636319 0.945145 0.919928 0.815458 0.969052 0.336499 0.752743  
zprime2000.mu.root 0.659439 0.940585 0.923095 0.817801 0.972448 0.339962 0.761859  
zprime2250.el.root 0.63421 0.94502 0.917993 0.797853 0.969456 0.321362 0.731581  
zprime2250.mu.root 0.652435 0.944785 0.923501 0.815951 0.968574 0.337924 0.755478  
zprime2500.el.root 0.636889 0.948017 0.912399 0.799576 0.960916 0.313824 0.723527  
zprime2500.mu.root 0.658653 0.943286 0.919777 0.81299 0.95949 0.326338 0.743259  
zprime3000.el.root 0.6 0.943673 0.893054 0.766698 0.924833 0.323692 0.709991  
zprime3000.mu.root 0.626332 0.939849 0.897084 0.786596 0.942933 0.327257 0.734997  
zprime400.el.root 0.336048 0.930846 0.701021 0.495382 0.485051 0.284152 0.574745  
zprime400.mu.root 0.339518 0.920131 0.70503 0.477329 0.492807 0.282072 0.571386  
zprime500.el.root 0.418102 0.932419 0.741854 0.617663 0.725946 0.316292 0.646188  
zprime500.mu.root 0.401054 0.922425 0.747411 0.59904 0.716249 0.308511 0.645641  
zprime750.el.root 0.537326 0.923685 0.820961 0.740798 0.899251 0.365461 0.740175  
zprime750.mu.root 0.532581 0.913321 0.831628 0.722732 0.89058 0.36657 0.741888  
